image: ./willow-full.pgm
resolution: 0.050000
origin: [0.000000, 0.000000, 0.000000]
negate: 0
occupied_thresh: 0.25
free_thresh: 0.01
